1 苹果园 82 348
2 古城 104 366
3 八角游乐园 141 366
4 八宝山 172 366
5 玉泉路 201 366
6 五棵松 229 366
7 万寿路 262 366
8 公主坟 292 366
9 军事博物馆 330 366
10 木樨地 383 366
11 南礼士路 410 366
12 复兴门 441 366
13 西单 495 366
14 天安门西 537 366
15 天安门东 582 366
16 王府井 613 366
17 东单 639 366
18 建国门 688 366
19 永安里 722 366
20 国贸 762 366
21 大望路 804 366
22 四惠 851 366
23 四惠东 878 366
24 积水潭 488 270
25 鼓楼大街 561 270
26 安定门 599 270
27 雍和宫 639 270
28 东直门 688 283
29 东四十条 688 310
30 朝阳门 688 334
31 北京站 682 393
32 崇文门 639 399
33 前门 562 399
34 和平门 525 399
35 宣武门 495 399
36 长椿街 441 390
37 阜成门 441 341
38 车公庄 441 317
39 西直门 441 283
40 安河桥北 228 132
41 北宫门 263 132
42 西苑 300 132
43 圆明园 329 152
44 北京大学东门 329 171
45 中关村 329 190
46 海淀黄庄 329 216
47 人民大学 329 244
48 魏公村 329 265
49 国家图书馆 329 283
50 动物园 386 283
51 新街口 479 283
52 平安里 495 317
53 西四 495 335
54 灵境胡同 495 348
55 菜市口 495 416
56 陶然亭 495 435
57 北京南站 495 450
58 马家堡 495 472
59 角门西 495 489
60 公益西桥 495 514
61 新宫 495 536
62 西红门 456 553
63 高米店北 456 566
64 高米店南 456 581
65 枣园 456 595
66 清源路 456 609
67 黄村西大街 456 622
68 黄村火车站 456 637
69 义和庄 456 649
70 生物医药基地 456 663
71 天宫院 456 679
72 宋家庄 639 489
73 刘家窑 639 473
74 蒲黄榆 639 451
75 天坛东门 639 437
76 磁器口 639 416
77 灯市口 639 350
78 东四 639 333
79 张自忠路 639 312
80 北新桥 639 295
81 和平里北街 639 255
82 和平西桥 639 239
83 惠新西街南口 639 216
84 惠新西街北口 639 201
85 大屯路东 639 177
86 北苑路北 639 154
87 立水桥南 639 135
88 立水桥 639 117
89 天通苑南 639 97
90 天通苑 639 73
91 天通苑北 639 54
92 海淀五路居 228 317
93 慈寿寺 262 317
94 花园桥 294 317
95 白石桥南 330 317
96 车公庄西 382 317
97 北海北 531 317
98 南锣鼓巷 574 317
99 东大桥 721 332
100 呼家楼 762 332
101 金台路 803 332
102 十里堡 842 332
103 青年路 874 332
104 褡裢坡 917 332
105 黄渠 949 332
106 常营 978 332
107 草房 1009 332
108 物资学院路 1035 332
109 通州北关 1073 342
110 通运门 1089 355
111 北运河西 1111 373
112 北运河东 1130 373
113 郝家府 1150 373
114 东夏园 1175 373
115 潞城 1196 373
116 北京西站 329 387
117 湾子 363 416
118 达官营 403 416
119 广安门内 449 416
120 虎坊桥 536 416
121 珠市口 567 416
122 桥湾 601 416
123 广渠门内 673 416
124 广渠门外 705 416
125 双井 762 416
126 九龙山 801 416
127 大郊亭 835 416
128 百子湾 859 416
129 化工 866 428
130 南楼梓庄 866 442
131 欢乐谷景区 866 455
132 垡头 875 462
133 双合 894 462
134 焦化厂 922 462
135 朱辛庄 447 82
136 育知路 479 82
137 平西府 516 82
138 回龙观东大街 536 94
139 霍营 536 117
140 育新 536 130
141 西小口 536 142
142 永泰庄 536 153
143 林萃桥 550 160
144 森林公园南门 561 167
145 奥林匹克公园 561 177
146 奥体中心 561 197
147 北土城 561 216
148 安华桥 561 232
149 安德里北街 561 247
150 什刹海 561 294
151 郭公庄 270 541
152 丰台科技园 270 524
153 科怡路 270 507
154 丰台南路 270 491
155 丰台东大街 270 475
156 七里庄 270 448
157 六里桥 294 413
158 六里桥东 312 400
159 白堆子 329 342
160 巴沟 264 221
161 苏州街 287 216
162 知春里 359 216
163 知春路 421 216
164 西土城 457 216
165 牡丹园 491 216
166 健德门 521 216
167 安贞门 598 216
168 芍药居 704 216
169 太阳宫 751 216
170 三元桥 762 244
171 亮马桥 762 266
172 农业展览馆 762 287
173 团结湖 762 306
174 金台夕照 762 349
175 劲松 762 426
176 潘家园 762 438
177 十里河 762 449
178 分钟寺 751 477
179 成寿寺 708 489
180 石榴庄 605 489
181 大红门 568 489
182 角门东 532 489
183 草桥 439 489
184 纪家庙 401 489
185 首经贸 358 489
186 丰台站 324 489
187 泥洼 294 471
188 西局 294 448
189 莲花桥 294 389
190 西钓鱼台 276 341
191 车道沟 261 292
192 长春桥 261 266
193 火器营 261 241
194 大钟寺 421 250
195 五道口 421 192
196 上地 421 169
197 西二旗 421 136
198 龙泽 452 117
199 回龙观 486 117
200 北苑 704 137
201 望京西 704 177
202 光熙门 704 242
203 柳芳 704 261
204 善各庄 768 133
205 来广营 768 150
206 东湖渠 768 164
207 望京 768 177
208 阜通 777 198
209 望京南 795 216
210 高家园 804 243
211 将台 804 259
212 东风北桥 804 274
213 枣营 804 294
214 朝阳公园 804 311
215 俸伯 1084 50
216 顺义 1022 50
217 石门 967 50
218 南法信 911 50
219 后沙峪 864 59
220 花梨坎 864 78
221 国展 864 100
222 孙河 864 118
223 马泉营 864 136
224 崔各庄 864 158
225 望京东 826 177
226 关庄 671 177
227 安立路 601 177
228 北沙滩 515 177
229 六道口 478 177
230 清华东路西口 434 177
231 高碑店 906 371
232 传媒大学 935 371
233 双桥 966 371
234 管庄 997 371
235 八里桥 1032 371
236 通州北苑 1049 378
237 果园 1064 388
238 九棵树 1075 400
239 梨园 1089 412
240 临河里 1102 423
241 土桥 1117 438
242 南邵 447 14
243 沙河高教园 447 30
244 沙河 447 48
245 巩华城 447 62
246 生命科学园 422 98
247 肖村 639 514
248 小红门 652 524
249 旧宫 664 533
250 亦庄桥 677 546
251 亦庄文化园 688 557
252 万源街 697 564
253 荣京东街 713 577
254 荣昌东街 727 587
255 同济南路 743 587
256 经海路 774 587
257 次渠南 805 587
258 次渠 835 592
259 亦庄火车站 863 592
260 苏庄 43 640
261 良乡南关 91 640
262 良乡大学城西 128 640
263 良乡大学城 159 640
264 良乡大学城北 177 624
265 广阳城 191 610
266 篱笆房 207 600
267 长阳 223 585
268 稻田 237 571
269 大葆台 255 558
270 3号航站楼 995 131
271 2号航站楼 939 126
272 大井 244 448
273 郭庄子 208 448
274 大耳窑 184 448
275 园博园 161 448
276 张郭庄 139 448

1号线
1 2 3 4 5 6 7 8 9 10 11 12 13 14 15 16 17 18 19 20 21 22 23 
2号线
环线 24 25 26 27 28 29 30 18 31 32 33 34 35 36 12 37 38 39 
4号线
40 41 42 43 44 45 46 47 48 49 50 39 51 52 53 54 13 35 55 56 57 58 59 60 61 62 63 64 65 66 67 68 69 70 71 
5号线 
72 73 74 75 76 32 17 77 78 79 80 27 81 82 83 84 85 86 87 88 89 90 91 
6号线 
92 93 94 95 96 38 52 97 98 78 30 99 100 101 102 103 104 105 106 107 108 109 110 111 112 113 114 115 
7号线 
116 117 118 119 55 120 121 122 76 123 124 125 126 127 128 129 130 131 132 133 134 
8号线 
135 136 137 138 139 140 141 142 143 144 145 146 147 148 149 25 150 98 
9号线 
151 152 153 154 155 156 157 158 116 9 159 95 49 
10号线
环线 160 161 46 162 163 164 165 166 147 167 83 168 169 170 171 172 173 100 174 20 125 175 176 177 178 179 72 180 181 182 59 183 184 185 186 187 188 157 189 8 190 93 191 192 193 
13号线 
39 194 163 195 196 197 198 199 139 88 200 201 168 202 203 28 
14号线东线 
204 205 206 207 208 209 210 211 212 213 214 101 
15号线 
215 216 217 218 219 220 221 222 223 224 225 207 201 226 85 227 145 228 229 230 
八通线 
22 23 231 232 233 234 235 236 237 238 239 240 241 
昌平线 
242 243 244 245 135 246 197 
亦庄线 
72 247 248 249 250 251 252 253 254 255 256 257 258 259 
房山线 
260 261 262 263 264 265 266 267 268 269 151 
机场线
单向 28 170 270 271 170 28 
14号线西线
276 275 274 273 272 156 188
